10110111110000000010000110100010011010111110011100
01001000101011111001001010000000110110001001110101
01010000111010001001010101111110101110010010001001
10111100101111010000101100101111011000001100101100
11001110000001001010001110101010101001001110101111
01011010001000001010111011011100011001001110101100
00010110110101001101011010010110001000010011000000
11010110001101110110001010011001101011100000000111
00000111011001000100000100111111000100011011001000
01010000110000101110100111110000100000011000110010
