1010101110010000000010011010011010110001111110001010110010101111000110010100101110010101001110001111011110110101111011001001011000011100011010101001000100110010101100101010010001
1110010010110001000001001000101100101010000111101111101000100101011100100110001101010100110110000011111010101100010101101100010100011010010100110110101010000001110100110001100000
0001100001001110110001110010010010011001111010001000001011011100001100011110111010101110001010010100011101101101011010000011011101111011100000000111100000001101011111111000001110
1110110111010110011111010111101010001111000100011111010111000100000000001101101011100101000111101110101110111110100101101011011111100010111110101010110000111110001010000010011100
0010000010101110011110011001000110010110000011010100100010110101111100011010000110111111000101110111110101101000010011010011010101010011111111101110101001010110000110110100001000
1110111001100011100111111001011011001111001000100100010110100101100010101110001010000111100010010110010101011110001110001001100111011000111010111001001110010010011001011001011110
1111110010100000010000010101110110000101101100101111001010100110011000111001100111110000100101010000100101011001010001010010101011011011100111101100011010000111001011000010101000
1010110001111101000011011001011100000001100100011110011111001111001000000101101011011111010000000111111111101111111101000111110011011000000011111111110111010001110010111110100011
1101011011010011110000011101001010111011001101000011111110011000110001001101011101101001110110010001011110110110111101000101011010000000010111110000011100100100001111101011111111
1111011111011111001010111000001001111010010000001010110000010111100001101001011110000011001100100111000011000111100101010110110101110110001011000010011100101000001001100111011110
