111111011111011110011000000111111111111000000000011010111100111011111100000000000000000000011111011110000000000000000110011
111111011111011110011000000111111111111000000000011010111100111011111100000000000000000000011111011110000000000000000110011
111111011111011110011000000111111111111000000000011010111100111011111100000000000000000000011111011110000000000000000110011
101101001111001001111101111110000001111000000000010010111110111111111000000011010100000000001111011111101000100000000110011
011011010011100110011111010100000001000100100000001111111100111111110000000000010100010000001111011110000000001100000111000
110100011111011110011000010111111001111000000000011000011011000110110100001010010000000000110111011110111100000000000101111
100100011110001000011001000110000111111000000000011111110011010010010100001110101100000000110011011001011110000000000110111
010011010011101010010110010111111001111111100000001111111100111011111100011001000000000101011111011110010100000000101110111
111011100000000010001101101110000111111000000000011000010011001000001100111111110111110000100111010011011000001100111101000
010001010000110110001011010110000001111111100000011111111101111011110000000011000000000000011111011110000000000000000111111
100111101100000010001101111100000001110000000000000111101001010111111000111001111110001010010101010011000001010100101000000
000001000010011100011011111110000001111111100000001111100101111111111100000001000100000000010100001101101101100000000110011
101010000001001101111101101110000111111000000000001010111110111011111000110000000010101010011011001110100010000010001101000
