111111011111011110011000000111111111111000000000011010111100111011111100000000000000000000011111011110000000000000000110011
111111011111011110011000000111111111111000000000011010111100111011111100000000000000000000011111011110000000000000000110011
111111011111011110011000000111111111111000000000011010111100111011111100000000000000000000011111011110000000000000000110011
110110001110010100011000101111111111111000000000001010111100111011111100000000000000000000111111011110000000000000000000011
110011010011010110011000000111111111111000000000001010111100111011110100000000000000000000011111011110000000000000000000011
110111001111011000011000101111111111111000000000011010111100111011111100000000000000000000011111011110000000000000000110011
111010000010011100011000101111111111111000000000001010111100111011110100000000000000000000011111011110000000000000000000011
111011000010010100011000101111111111111000000000001010111000011111111100000000000000000000111110011110000000000000000010011
111011110011010010011000000111111111111000000000011010111100111011110100000000000000000000111111011110000000000000000000011
111011110011010010011000000111111111111000000000001010111100111011111100000000000000000000011111011110000000000000000110011
110011110010010010011000000111111111111000001000011010111100111011110100000000000000000000011101011110000000000000000010011
111111001111011000011000101111111111111000000000011010111100111011111100000000000000000000011111011110000000000000000110011
111111101111010000011000101111111111111000000000011010101100101001101100000000000000000000010100001110000000000000000000011
